90 100 8
9 18 27 32 37 38 68 70
88
2 1 499
51 2 716
47 3 753
51 4 4
57 5 280
41 6 757
44 7 875
58 8 940
51 9 182
87 10 566
51 11 889
75 12 683
89 13 681
76 15 333
64 16 417
76 17 668
20 18 519
23 19 262
89 20 545
56 21 711
85 22 205
14 23 619
23 24 773
23 25 581
88 26 898
23 27 179
47 28 316
4 29 410
78 30 257
16 31 510
13 32 415
19 33 585
24 34 585
54 35 97
88 36 727
14 37 201
19 38 123
3 39 780
88 40 735
89 41 869
44 42 402
3 43 279
47 44 747
84 45 291
24 46 90
26 47 847
76 48 700
48 49 842
76 50 289
88 51 962
2 52 297
14 53 273
26 54 986
36 55 429
19 56 277
60 57 264
34 58 282
23 59 702
36 60 687
19 61 498
24 62 450
38 63 229
48 64 667
9 65 833
22 66 108
51 67 823
38 68 514
88 69 114
60 70 666
41 71 841
14 72 470
13 73 367
43 74 209
64 75 933
14 76 974
55 77 700
24 78 363
70 79 342
84 80 471
78 81 959
90 82 453
36 83 846
41 84 515
44 85 703
28 86 641
37 87 34
76 88 726
76 89 465
23 90 950
59 72 417
71 53 780
33 31 439
2 69 266
36 37 466
43 11 552
62 79 232
44 89 50
44 13 374
12 69 697
29 42 620
